228 459
229 460
230 461
231 462
232 463
233 464
234 465
235 465
236 466
237 467
238 468
239 469
240 470
241 471
242 472
243 473
244 474
245 475
246 476
247 476
248 477
249 478
250 479
251 480
252 481
252 481
253 482
254 483
255 484
256 485
257 486
258 487
259 488
260 489
261 490
262 491
263 492
264 493
265 494
266 495
267 496
268 497
269 498
270 499
270 499
271 500
272 500
273 501
274 502
275 502
276 503
277 504
278 504
279 505
280 506
281 506
282 507
282 507
283 508
284 508
284 508
285 507
286 507
286 507
287 507
288 507
289 507
289 507
290 508
291 509
291 509
292 509
293 510
294 510
295 511
296 511
297 512
298 512
299 513
300 513
301 514
302 514
302 514
302 514
303 515
304 515
305 516
305 516
305 517
304 518
304 519
304 520
303 521
303 522
303 523
302 524
302 525
302 525
301 526
301 527
300 528
299 529
299 530
298 531
297 532
297 533
296 534
296 535
295 536
294 537
294 538
293 539
293 524
293 525
293 526
293 527
293 528
293 529
293 530
293 531
293 532
293 533
293 534
293 535
293 536
293 537
293 538
293 539
294 518
294 519
294 520
293 521
293 522
293 523
293 524
295 511
295 512
295 513
295 514
294 515
294 516
294 517
294 518
295 509
295 510
295 511
295 509
294 510
294 511
293 512
293 513
292 514
291 515
291 516
290 517
289 518
289 519
288 520
288 521
287 522
287 522
287 523
287 524
287 525
287 526
286 527
286 528
286 529
286 530
286 531
286 532
286 532
286 533
285 534
285 535
284 536
284 537
283 537
284 537
284 529
284 530
284 531
284 532
283 533
283 534
283 535
283 536
283 537
284 519
284 520
284 521
284 522
284 523
284 524
284 525
284 526
284 527
284 528
284 529
285 518
284 519
284 508
284 509
284 510
284 511
284 512
285 513
285 514
285 515
285 516
285 517
285 518
284 508
284 509
284 510
284 511
284 512
284 513
284 514
285 515
285 516
285 517
285 518
285 519
285 520
285 521
284 521
285 521
280 516
281 517
282 518
282 519
283 520
284 521
277 511
278 512
278 513
279 514
279 515
280 516
274 507
275 508
276 509
276 510
277 511
271 503
272 504
273 505
273 506
274 507
268 496
268 497
269 498
269 499
270 500
270 501
271 502
271 503
272 486
272 486
273 487
274 488
275 489
276 490
276 490
277 490
278 490
279 490
280 490
280 490
281 490
282 489
283 489
284 489
284 489
285 489
286 489
286 489
287 489
288 488
289 488
290 487
291 487
292 486
293 486
272 485
273 485
274 485
275 485
276 485
277 485
278 485
279 485
280 485
281 485
282 485
283 486
284 486
285 486
286 486
287 486
288 486
289 486
290 486
291 486
292 486
293 486
276 479
276 480
276 481
275 482
275 483
275 484
276 479
277 479
278 480
279 480
279 480
279 480
280 480
281 481
282 481
283 481
283 481
283 482
284 483
284 484
284 485
284 485
285 485
279 484
280 484
281 484
282 485
283 485
284 485
285 485
279 484
280 484
280 483
280 484
279 481
280 482
280 483
279 481
279 482
279 482
280 483
281 483
282 484
283 484
284 483
283 484
282 481
283 482
284 483
282 481
281 482
280 481
281 482
280 481
281 481
282 482
283 482
284 483
285 483
286 484
287 484
287 484
288 485
289 486
284 484
285 484
286 485
287 485
288 486
289 486
284 484
285 485
231 459
231 460
231 461
231 462
230 458
231 459
228 457
229 458
230 458
228 456
228 457
227 456
228 456
228 452
228 453
227 454
227 455
227 456
229 448
229 449
228 450
228 451
228 452
229 441
229 442
229 443
229 444
229 445
229 446
229 447
229 448
231 437
230 438
230 439
229 440
229 441
231 437
232 437
233 437
234 436
235 436
236 436
237 436
238 436
239 435
240 435
241 435
241 435
242 436
243 436
244 437
245 437
246 438
246 438
247 439
248 440
249 441
250 442
251 443
251 443
251 443
252 443
253 444
254 444
255 445
256 445
257 446
258 446
242 435
243 436
244 436
245 437
246 438
247 438
248 439
249 440
250 441
251 441
252 442
253 443
254 443
255 444
256 445
257 445
258 446
244 433
243 434
242 435
244 433
245 433
245 433
246 433
247 432
248 432
249 432
250 432
251 431
252 431
252 431
253 432
254 432
255 433
256 433
257 434
258 434
258 434
259 435
260 436
261 437
262 438
263 439
263 439
264 440
264 441
265 442
265 442
266 442
266 442
267 443
268 443
269 444
270 444
271 445
272 445
273 446
273 446
274 446
275 447
276 447
277 447
277 447
278 448
279 448
279 448
280 449
281 449
282 450
282 450
283 450
284 450
285 450
286 451
287 451
288 451
289 451
290 451
291 451
292 452
293 452
294 452
295 452
286 457
287 456
288 456
289 455
290 455
291 454
292 454
293 453
294 453
295 452
286 457
285 458
285 459
284 460
284 460
285 459
286 459
287 458
288 458
289 457
290 457
291 456
292 456
293 455
294 455
295 454
296 454
297 453
296 454
297 453
298 453
299 453
300 453
301 453
301 453
302 454
302 454
303 454
304 454
305 455
306 455
307 455
307 455
308 455
309 456
310 456
311 457
312 457
312 457
313 458
314 459
315 460
316 461
295 455
296 455
297 455
298 455
299 455
300 455
300 455
301 455
302 455
303 455
304 455
305 455
305 455
306 454
307 454
308 453
309 453
310 452
311 452
312 451
313 451
314 450
315 450
316 449
317 449
318 448
318 448
318 448
319 448
320 447
321 447
322 446
323 446
323 446
323 446
324 445
325 445
326 444
327 444
328 443
329 439
329 440
328 441
328 442
328 443
331 434
331 435
330 436
330 437
329 438
329 439
331 434
332 434
341 419
340 420
340 421
339 422
339 423
338 424
337 425
337 426
336 427
336 428
335 429
334 430
334 431
333 432
333 433
332 434
349 409
348 410
347 411
347 412
346 413
345 414
344 415
343 416
343 417
342 418
341 419
354 403
353 404
352 405
351 406
351 407
350 408
349 409
357 393
357 394
356 395
356 396
356 397
355 398
355 399
355 400
355 401
354 402
354 403
358 392
357 393
232 457
231 458
230 459
234 453
233 454
233 455
232 456
232 457
235 451
234 452
234 453
234 447
234 448
235 449
235 450
235 451
233 445
234 446
234 447
232 441
232 442
233 443
233 444
233 445
231 440
232 441
345 447
345 448
345 449
344 450
344 451
344 452
344 453
347 441
347 442
346 443
346 444
346 445
345 446
345 447
349 433
349 434
348 435
348 436
348 437
348 438
347 439
347 440
347 441
352 424
352 425
351 426
351 427
351 428
350 429
350 430
350 431
349 432
349 433
355 413
355 414
354 415
354 416
354 417
354 418
353 419
353 420
353 421
353 422
352 423
352 424
355 405
355 406
355 407
355 408
355 409
355 410
355 411
355 412
355 413
358 396
358 397
357 398
357 399
357 400
356 401
356 402
356 403
355 404
355 405
360 391
360 392
359 393
359 394
358 395
358 396
361 385
361 386
361 387
360 388
360 389
360 390
360 391
362 382
362 383
361 384
361 385
366 375
365 376
365 377
364 378
364 379
363 380
363 381
362 382
368 372
367 373
367 374
366 375
371 368
370 369
369 370
369 371
368 372
371 368
372 368
373 367
374 367
375 367
376 367
377 366
378 366
378 366
379 366
380 366
381 366
382 366
382 366
383 366
384 366
360 389
359 390
359 391
358 392
358 393
357 394
379 376
378 377
378 378
377 379
377 380
376 381
376 382
383 369
382 370
382 371
381 372
381 373
380 374
380 375
379 376
386 365
385 366
384 367
384 368
383 369
389 360
388 361
388 362
387 363
387 364
386 365
392 355
391 356
391 357
390 358
390 359
389 360
394 348
394 349
393 350
393 351
393 352
393 353
392 354
392 355
400 336
399 337
399 338
398 339
398 340
397 341
397 342
396 343
396 344
395 345
395 346
394 347
394 348
404 324
404 325
403 326
403 327
403 328
402 329
402 330
402 331
401 332
401 333
401 334
400 335
400 336
402 322
403 323
404 324
402 316
402 317
402 318
402 319
402 320
402 321
402 322
405 304
405 305
404 306
404 307
404 308
404 309
403 310
403 311
403 312
403 313
402 314
402 315
402 316
407 296
407 297
406 298
406 299
406 300
406 301
405 302
405 303
405 304
407 287
407 288
407 289
407 290
407 291
407 292
407 293
407 294
407 295
407 296
408 277
408 278
408 279
408 280
408 281
407 282
407 283
407 284
407 285
407 286
407 287
404 269
405 270
405 271
406 272
406 273
407 274
407 275
408 276
408 277
404 269
405 269
406 269
407 269
408 269
409 269
410 269
411 268
412 268
413 268
414 268
415 268
416 268
417 268
417 268
417 269
417 270
418 271
418 272
418 273
418 274
418 274
418 275
418 276
418 277
418 277
418 278
418 279
419 280
419 281
419 282
419 283
419 283
419 284
419 284
419 285
418 286
418 287
418 288
418 288
418 289
417 290
417 291
417 292
416 293
416 294
416 295
415 296
415 297
415 297
415 298
415 299
415 300
415 301
415 302
415 303
414 304
414 305
414 306
414 307
414 308
414 309
414 310
414 310
414 311
414 312
414 313
414 314
414 315
414 316
414 317
414 318
414 319
414 320
414 321
414 322
414 323
414 324
414 324
414 325
414 326
415 327
415 328
415 329
415 330
416 331
416 332
416 333
416 333
417 334
417 335
418 336
418 336
419 337
420 338
421 339
422 340
423 341
424 342
425 343
426 344
426 344
427 345
428 346
429 347
429 348
430 349
431 350
432 351
432 351
432 352
432 353
432 354
432 355
432 356
432 357
433 358
433 359
433 360
433 361
433 362
433 363
433 364
433 364
433 365
433 366
434 367
434 368
434 369
434 369
434 370
435 371
435 372
435 373
435 374
436 375
436 376
436 377
436 378
437 379
437 380
437 381
400 265
401 266
402 266
403 267
404 268
405 268
406 269
400 265
401 265
402 265
403 265
404 265
405 264
406 264
407 264
408 264
409 264
410 264
411 264
412 264
413 263
414 263
415 263
416 263
417 263
417 263
417 264
418 265
418 266
418 266
418 267
418 268
418 269
418 270
418 271
433 365
434 365
435 365
436 365
437 365
438 365
439 365
440 365
441 365
441 365
442 365
443 365
444 365
445 365
446 365
447 365
448 365
449 365
450 365
451 365
452 365
453 365
453 365
454 365
455 365
456 365
456 365
457 365
458 365
459 365
460 365
461 365
462 365
463 365
464 365
465 365
466 365
467 365
468 365
469 365
470 365
471 365
472 365
473 365
474 365
474 365
475 365
476 365
477 365
478 365
479 366
480 366
481 366
482 366
483 366
484 366
484 366
485 366
486 366
487 366
488 366
489 366
490 366
491 366
492 366
493 366
494 366
495 366
496 366
497 366
498 367
499 367
500 367
501 367
502 367
503 367
504 367
505 367
506 367
507 367
508 367
509 367
510 367
511 367
511 367
512 367
513 367
514 368
515 368
516 368
517 368
518 369
519 369
520 369
520 369
521 369
522 370
523 370
524 371
525 371
526 372
527 372
527 372
528 372
529 373
530 373
531 374
532 374
533 375
534 375
535 376
536 376
537 377
538 377
539 378
540 378
541 379
542 379
543 380
544 380
544 380
545 381
546 382
546 383
547 384
548 385
549 386
550 387
550 388
551 389
552 390
552 390
553 391
554 392
555 393
556 394
557 395
558 396
559 397
559 398
560 399
561 400
562 401
563 402
564 403
565 404
565 404
566 405
567 405
568 406
569 406
570 407
571 407
572 408
572 408
572 408
573 407
574 406
575 406
576 405
577 404
578 403
579 403
580 402
581 401
582 400
583 400
584 399
592 386
591 387
591 388
590 389
590 390
589 391
588 392
588 393
587 394
586 395
586 396
585 397
585 398
584 399
595 374
595 375
594 376
594 377
594 378
594 379
593 380
593 381
593 382
593 383
592 384
592 385
592 386
596 366
596 367
596 368
596 369
595 370
595 371
595 372
595 373
595 374
599 345
599 346
599 347
599 348
598 349
598 350
598 351
598 352
598 353
598 354
598 355
597 356
597 357
597 358
597 359
597 360
597 361
597 362
596 363
596 364
596 365
596 366
603 332
603 333
602 334
602 335
602 336
601 337
601 338
601 339
601 340
600 341
600 342
600 343
599 344
599 345
603 332
604 331
605 330
606 329
607 328
608 328
609 327
610 326
611 325
612 324
611 315
611 316
611 317
611 318
611 319
612 320
612 321
612 322
612 323
612 324
610 308
610 309
610 310
610 311
611 312
611 313
611 314
611 315
604 296
605 297
605 298
606 299
606 300
607 301
607 302
608 303
608 304
609 305
609 306
610 307
610 308
601 285
601 286
602 287
602 288
602 289
602 290
603 291
603 292
603 293
603 294
604 295
604 296
598 281
599 282
600 283
600 284
601 285
598 281
599 281
600 281
601 281
602 280
603 280
604 280
605 280
606 280
606 280
607 280
608 280
609 280
610 281
611 281
612 281
613 281
613 281
614 282
615 283
616 283
617 284
617 284
617 285
617 286
618 287
618 288
618 289
618 290
618 291
618 292
619 293
619 294
619 295
619 296
619 297
619 298
620 299
620 300
620 301
620 301
620 302
620 303
620 304
621 305
621 306
621 307
621 308
621 309
621 310
621 311
621 312
622 313
622 314
622 315
622 316
622 317
622 318
622 319
622 320
623 321
623 322
623 323
623 324
623 325
623 325
623 326
624 327
624 328
625 329
625 330
625 331
626 332
626 333
627 334
627 335
627 336
628 337
628 338
629 339
629 340
629 340
629 341
629 342
630 343
630 344
630 345
630 346
630 347
631 348
631 349
631 350
631 351
631 352
632 353
632 354
632 355
632 356
632 357
633 358
633 359
633 360
633 360
633 361
633 362
633 363
633 364
633 365
633 366
633 367
633 368
633 369
633 370
633 371
633 372
633 373
633 374
633 375
633 376
633 377
633 377
633 378
633 378
632 379
631 380
631 381
630 382
629 383
628 384
627 385
626 386
626 387
625 388
624 389
624 389
624 390
624 391
624 392
623 393
623 394
623 395
623 396
623 397
623 398
623 399
623 400
622 401
622 402
622 403
622 404
622 405
622 406
622 407
622 408
621 409
621 410
621 411
621 412
621 412
621 413
622 414
622 415
622 416
622 417
623 418
623 419
623 420
623 421
624 422
624 423
624 424
624 424
624 425
625 426
625 427
626 428
626 429
627 430
627 431
628 432
628 433
629 434
629 435
629 435
629 436
630 437
630 438
631 439
631 440
631 441
632 442
632 443
633 444
633 445
633 446
634 447
634 448
635 449
635 450
635 450
635 451
636 452
636 453
636 454
636 455
637 456
637 457
637 458
637 458
637 459
637 460
636 461
636 462
636 463
636 464
636 465
636 466
635 467
635 468
635 469
635 470
635 470
635 471
634 472
634 473
633 474
633 475
632 476
632 477
633 476
632 477
633 476
632 477
632 478
631 479
631 480
630 481
630 482
629 483
629 484
629 484
629 485
628 486
628 487
628 488
628 489
627 490
627 491
627 491
626 492
623 493
624 493
625 492
626 492
601 491
602 491
603 491
604 491
605 491
606 491
607 492
608 492
609 492
610 492
611 492
612 492
613 492
614 492
615 492
616 492
617 492
618 493
619 493
620 493
621 493
622 493
623 493
599 487
600 488
600 489
601 490
601 491
585 477
586 478
587 478
588 479
589 480
590 481
591 481
592 482
593 483
594 483
595 484
596 485
597 486
598 486
599 487
575 472
576 473
577 473
578 474
579 474
580 475
581 475
582 476
583 476
584 477
585 477
564 468
565 468
566 469
567 469
568 469
569 470
570 470
571 471
572 471
573 471
574 472
575 472
539 470
540 470
541 470
542 470
543 470
544 470
545 470
546 469
547 469
548 469
549 469
550 469
551 469
552 469
553 469
554 469
555 469
556 469
557 469
558 468
559 468
560 468
561 468
562 468
563 468
564 468
523 471
524 471
525 471
526 471
527 471
528 471
529 471
530 471
531 470
532 470
533 470
534 470
535 470
536 470
537 470
538 470
539 470
510 476
511 476
512 475
513 475
514 474
515 474
516 474
517 473
518 473
519 473
520 472
521 472
522 471
523 471
488 484
489 484
490 483
491 483
492 483
493 482
494 482
495 481
496 481
497 481
498 480
499 480
500 480
501 479
502 479
503 479
504 478
505 478
506 477
507 477
508 477
509 476
510 476
477 490
478 489
479 489
480 488
481 488
482 487
483 487
484 486
485 486
486 485
487 485
488 484
477 490
468 491
469 491
470 491
471 491
472 491
473 490
474 490
475 490
476 490
477 490
458 492
459 492
460 492
461 492
462 492
463 491
464 491
465 491
466 491
467 491
468 491
451 490
452 490
453 491
454 491
455 491
456 491
457 492
458 492
445 488
446 488
447 489
448 489
449 489
450 490
451 490
432 486
433 486
434 486
435 486
436 487
437 487
438 487
439 487
440 487
441 487
442 488
443 488
444 488
445 488
407 484
408 484
409 484
410 484
411 484
412 484
413 484
414 485
415 485
416 485
417 485
418 485
419 485
420 485
421 485
422 485
423 485
424 485
425 485
426 486
427 486
428 486
429 486
430 486
431 486
432 486
384 480
385 480
386 480
387 481
388 481
389 481
390 481
391 481
392 481
393 482
394 482
395 482
396 482
397 482
398 482
399 483
400 483
401 483
402 483
403 483
404 483
405 484
406 484
407 484
371 482
372 482
373 482
374 482
375 481
376 481
377 481
378 481
379 481
380 481
381 480
382 480
383 480
384 480
357 487
358 487
359 486
360 486
361 486
362 485
363 485
364 484
365 484
366 484
367 483
368 483
369 483
370 482
371 482
341 496
342 495
343 495
344 494
345 494
346 493
347 493
348 492
349 491
350 491
351 490
352 490
353 489
354 489
355 488
356 488
357 487
319 511
320 510
321 510
322 509
323 508
324 508
325 507
326 506
327 506
328 505
329 504
330 503
331 503
332 502
333 501
334 501
335 500
336 499
337 499
338 498
339 497
340 497
341 496
309 519
310 518
311 517
312 517
313 516
314 515
315 514
316 513
317 513
318 512
319 511
306 516
307 517
308 518
309 519
310 518
311 518
312 518
312 518
313 518
314 518
315 519
316 519
317 519
318 519
319 519
320 520
321 520
322 520
323 520
324 520
325 521
326 521
327 521
327 521
328 521
329 521
330 522
331 522
332 522
333 522
334 522
335 523
336 523
337 523
337 523
338 523
339 523
340 523
341 523
342 523
343 523
344 523
345 522
346 522
347 522
348 522
349 522
350 522
351 522
352 522
352 522
353 522
354 522
355 521
356 521
357 521
358 521
359 520
360 520
361 520
362 520
363 519
364 519
365 519
366 519
367 518
368 518
369 518
369 518
370 518
371 517
372 517
373 516
374 516
375 515
376 515
377 514
378 514
378 514
379 514
380 513
381 513
382 512
383 512
383 512
384 512
385 512
386 511
387 511
388 511
389 511
390 510
391 510
392 510
393 510
394 510
395 509
396 509
397 509
398 509
399 508
400 508
401 508
401 508
402 508
403 507
404 507
405 506
406 506
406 506
407 506
408 506
409 506
410 506
411 506
412 505
413 505
414 505
415 505
416 505
417 505
418 505
418 505
419 505
420 504
421 504
422 504
423 504
424 503
425 503
426 503
427 503
428 502
429 502
430 502
431 502
432 501
433 501
434 501
435 501
436 500
437 500
437 500
438 500
439 499
440 499
441 498
442 498
443 497
444 497
445 496
446 496
446 496
447 496
448 495
449 495
450 494
451 494
452 494
453 493
454 493
455 492
456 492
596 276
597 277
597 278
598 279
598 280
599 281
596 276
597 276
598 276
599 276
600 276
601 276
602 277
603 277
604 277
605 277
606 277
607 277
608 277
609 277
610 277
611 277
612 277
613 277
614 278
615 278
616 278
617 278
618 278
619 278
619 278
619 279
619 280
619 281
619 282
619 283
619 284
619 284
619 285
619 286
619 287
619 288
619 289
619 290
619 291
563 389
563 390
563 391
562 392
562 393
562 394
562 395
562 396
561 397
561 398
561 399
567 380
567 381
566 382
566 383
565 384
565 385
564 386
564 387
563 388
563 389
572 365
572 366
571 367
571 368
571 369
570 370
570 371
570 372
569 373
569 374
569 375
568 376
568 377
568 378
567 379
567 380
575 349
575 350
575 351
574 352
574 353
574 354
574 355
574 356
573 357
573 358
573 359
573 360
573 361
573 362
572 363
572 364
572 365
579 341
578 342
578 343
577 344
577 345
576 346
576 347
575 348
575 349
581 333
581 334
580 335
580 336
580 337
580 338
579 339
579 340
579 341
582 324
582 325
582 326
582 327
582 328
581 329
581 330
581 331
581 332
581 333
577 307
577 308
578 309
578 310
578 311
578 312
579 313
579 314
579 315
580 316
580 317
580 318
581 319
581 320
581 321
581 322
582 323
582 324
574 290
574 291
574 292
575 293
575 294
575 295
575 296
575 297
575 298
576 299
576 300
576 301
576 302
576 303
576 304
577 305
577 306
577 307
567 278
568 279
568 280
569 281
569 282
570 283
571 284
571 285
572 286
572 287
573 288
573 289
574 290
567 278
568 278
569 278
570 278
571 278
572 277
573 277
574 277
575 277
576 277
577 277
578 277
579 277
580 277
581 277
582 276
583 276
584 276
585 276
586 276
586 276
586 277
586 278
586 279
586 280
585 281
585 282
585 283
585 284
585 285
585 286
574 287
575 287
576 287
577 287
578 287
579 287
580 286
581 286
582 286
583 286
584 286
585 286
572 287
573 287
574 287
575 287
576 286
577 286
578 286
579 286
580 286
586 286
586 287
586 288
586 289
586 290
586 291
586 292
586 293
586 294
586 295
586 296
587 297
587 298
587 299
587 300
587 301
587 302
587 303
587 304
587 305
587 306
587 307
587 307
586 308
586 308
586 309
586 310
586 311
587 312
587 313
587 314
587 315
587 315
587 316
587 317
588 318
588 319
588 320
588 321
588 322
588 323
589 324
589 325
589 326
589 326
589 327
590 328
590 329
591 330
591 331
592 332
592 333
592 333
592 334
593 335
593 336
594 337
594 338
594 339
595 340
595 341
595 341
595 342
595 343
596 344
596 345
596 346
596 347
596 348
596 349
597 350
597 351
597 352
597 352
597 353
597 354
597 355
597 356
598 357
598 358
598 359
598 360
598 361
629 489
630 488
631 488
631 488
632 488
633 488
634 488
635 488
636 488
637 488
638 488
639 488
639 488
640 488
641 487
642 487
642 487
643 486
644 486
645 485
646 485
649 476
649 477
648 478
648 479
648 480
647 481
647 482
647 483
646 484
646 485
649 460
649 461
649 462
649 463
649 464
649 465
649 466
649 467
649 468
649 469
649 470
649 471
649 472
649 473
649 474
649 475
649 476
647 442
647 443
647 444
647 445
647 446
648 447
648 448
648 449
648 450
648 451
648 452
648 453
648 454
648 455
649 456
649 457
649 458
649 459
649 460
651 417
651 418
651 419
651 420
650 421
650 422
650 423
650 424
650 425
650 426
649 427
649 428
649 429
649 430
649 431
649 432
648 433
648 434
648 435
648 436
648 437
648 438
647 439
647 440
647 441
647 442
651 406
651 407
651 408
651 409
651 410
651 411
651 412
651 413
651 414
651 415
651 416
651 417
649 388
649 389
649 390
649 391
649 392
650 393
650 394
650 395
650 396
650 397
650 398
650 399
650 400
650 401
651 402
651 403
651 404
651 405
651 406
647 370
647 371
647 372
647 373
647 374
648 375
648 376
648 377
648 378
648 379
648 380
648 381
648 382
648 383
649 384
649 385
649 386
649 387
649 388
642 356
642 357
643 358
643 359
643 360
644 361
644 362
645 363
645 364
645 365
646 366
646 367
646 368
647 369
647 370
636 348
637 349
638 350
638 351
639 352
640 353
641 354
641 355
642 356
630 340
631 341
632 342
632 343
633 344
634 345
635 346
635 347
636 348
592 325
592 326
591 327
591 328
595 315
595 316
594 317
594 318
594 319
593 320
593 321
593 322
593 323
592 324
592 325
595 315
596 315
596 315
597 315
598 314
599 314
599 314
599 314
600 315
600 316
601 317
601 318
602 319
602 320
603 321
603 322
604 323
604 323
604 324
604 325
604 326
604 327
604 328
604 329
604 329
605 330
606 331
605 324
605 325
605 326
605 327
605 328
604 329
604 330
604 331
604 332
604 333
604 334
430 340
430 341
430 342
429 343
429 344
429 345
429 346
431 330
431 331
431 332
431 333
431 334
430 335
430 336
430 337
430 338
430 339
430 340
432 328
431 329
431 330
433 315
433 316
433 317
433 318
433 319
433 320
433 321
432 322
432 323
432 324
432 325
432 326
432 327
432 328
435 306
435 307
435 308
434 309
434 310
434 311
434 312
433 313
433 314
433 315
439 297
439 298
438 299
438 300
437 301
437 302
436 303
436 304
435 305
435 306
440 292
440 293
440 294
439 295
439 296
439 297
427 288
428 288
429 289
430 289
431 289
432 290
433 290
434 290
435 290
436 291
437 291
438 291
439 292
440 292
427 288
427 289
427 290
427 291
427 292
427 293
427 294
427 295
427 295
427 296
427 297
427 298
426 299
426 300
426 301
426 302
426 303
426 303
426 304
426 305
426 306
425 307
425 308
425 309
425 310
425 310
425 311
425 312
425 313
425 314
425 315
425 316
425 317
426 318
426 319
426 320
426 321
426 322
426 323
426 324
426 325
426 325
425 326
424 327
424 328
423 329
423 329
423 330
423 331
422 332
422 333
422 334
422 334
421 335
421 336
420 337
428 282
428 283
428 284
429 285
429 286
429 287
429 288
429 288
430 288
431 289
432 289
433 290
434 290
435 291
436 291
437 291
438 292
439 292
440 293
441 293
446 284
445 285
445 286
444 287
444 288
443 289
443 290
442 291
442 292
441 293
430 281
431 281
432 281
433 282
434 282
435 282
436 282
437 282
438 283
439 283
440 283
441 283
442 283
443 283
444 284
445 284
446 284
426 281
427 281
428 281
429 281
430 281
