197 455
198 456
198 457
199 458
200 459
201 460
201 461
202 462
203 463
204 464
204 465
205 466
206 467
207 468
207 469
208 470
209 471
209 472
210 473
211 474
212 475
212 476
213 477
214 478
215 479
215 480
216 481
217 482
218 483
218 484
219 485
220 486
220 487
221 488
222 489
223 490
223 491
224 492
225 493
226 494
226 495
227 496
228 497
229 498
229 499
230 500
230 498
230 499
230 500
230 498
231 499
231 500
231 500
232 501
233 502
234 503
235 504
235 504
236 505
237 505
238 506
238 506
239 506
240 506
241 506
242 506
242 506
243 505
244 505
245 504
249 500
248 501
247 502
246 503
245 504
249 500
250 499
251 498
252 498
253 497
253 497
254 497
254 497
254 497
254 497
254 497
253 498
252 499
252 499
252 500
253 501
253 502
253 503
254 504
254 505
254 506
255 507
255 508
255 508
255 509
254 510
254 511
253 512
253 513
253 514
252 515
252 516
252 517
251 518
251 519
250 520
250 521
250 521
249 522
249 523
248 524
247 525
247 526
246 527
246 527
245 528
245 529
244 530
244 531
243 532
243 533
242 526
242 527
242 528
242 529
243 530
243 531
243 532
243 533
245 513
245 514
245 515
244 516
244 517
244 518
244 519
243 520
243 521
243 522
243 523
242 524
242 525
242 526
246 507
246 508
246 509
245 510
245 511
245 512
245 513
245 505
246 506
246 507
244 504
245 505
244 504
244 505
243 506
243 507
242 508
242 509
242 510
241 511
241 512
240 513
240 514
240 514
240 515
240 516
239 517
239 518
239 519
239 520
238 521
238 522
238 523
238 524
237 525
237 526
237 527
237 527
237 528
237 529
237 530
233 531
234 531
235 530
236 530
237 530
230 525
231 526
231 527
232 528
232 529
233 530
233 531
231 519
231 520
231 521
230 522
230 523
230 524
230 525
233 510
233 511
233 512
232 513
232 514
232 515
232 516
231 517
231 518
231 519
234 506
234 507
233 508
233 509
233 510
234 502
234 503
234 504
234 505
234 506
231 484
232 485
233 486
234 486
235 487
235 487
236 488
237 489
238 490
239 491
239 491
240 492
240 492
240 492
241 492
242 492
243 492
243 492
244 491
245 491
247 488
246 489
246 490
245 491
248 487
247 488
249 484
249 485
248 486
248 487
236 486
237 486
238 486
239 486
240 485
241 485
242 485
243 485
244 485
245 485
246 484
247 484
248 484
249 484
236 486
236 486
237 487
238 488
238 488
239 488
239 488
240 489
241 489
242 490
243 490
243 490
244 490
245 490
245 490
246 490
246 490
246 490
247 490
248 490
244 485
245 486
246 487
246 488
247 489
248 490
244 485
243 486
242 487
240 486
241 487
242 487
240 486
241 486
242 486
243 486
243 486
244 486
244 486
245 486
246 485
247 485
247 485
248 485
248 485
247 486
246 487
245 488
242 489
243 489
244 488
245 488
239 489
240 489
241 489
242 489
239 486
239 487
239 488
239 489
239 486
240 487
240 488
240 488
241 488
242 489
243 489
243 489
244 489
245 488
246 488
246 488
247 487
246 488
245 487
246 487
247 487
241 486
242 486
243 487
244 487
245 487
238 488
239 487
240 487
241 486
238 488
239 488
240 488
241 488
241 488
242 488
243 488
243 488
244 488
245 488
246 488
247 488
242 486
243 486
244 487
245 487
246 488
247 488
242 486
241 487
241 488
240 489
243 486
242 487
241 488
240 489
248 489
248 490
247 491
247 492
247 493
248 489
249 489
250 489
251 489
252 489
253 489
254 489
254 489
255 488
256 488
257 487
258 487
251 489
250 490
249 491
251 489
252 489
253 488
254 488
255 487
256 487
256 487
257 487
258 487
259 487
260 487
260 487
261 488
262 489
263 490
263 490
263 491
263 492
263 493
253 498
254 498
255 498
256 498
257 498
258 498
259 498
260 498
261 498
262 498
263 498
264 498
265 498
266 498
267 498
268 498
269 498
269 498
270 497
271 497
272 496
273 495
274 495
275 494
277 489
277 490
276 491
276 492
275 493
275 494
277 489
275 480
275 481
275 482
276 483
276 484
276 485
276 486
277 487
277 488
277 489
275 479
275 480
280 473
279 474
278 475
277 476
277 477
276 478
275 479
280 473
281 472
282 472
283 471
284 471
285 470
286 470
287 469
287 469
288 469
289 468
290 468
291 467
292 467
293 467
294 466
295 466
295 466
296 466
297 466
298 466
299 466
300 466
300 466
301 466
302 466
303 466
304 466
305 467
306 467
307 467
308 467
309 467
310 467
196 451
197 452
197 453
198 454
195 445
195 446
195 447
196 448
196 449
196 450
196 451
202 460
199 458
200 459
201 459
202 460
198 454
198 455
199 456
199 457
199 458
198 454
198 450
198 451
198 452
198 453
198 454
196 447
197 448
197 449
198 450
196 440
196 441
196 442
196 443
196 444
196 445
196 446
196 447
199 436
198 437
197 438
197 439
196 440
199 436
200 435
201 435
202 434
203 434
204 433
204 433
205 433
206 433
207 434
208 434
209 434
209 434
210 435
211 435
212 436
213 436
214 437
215 437
216 438
217 439
218 439
219 440
220 440
221 441
222 441
223 442
223 442
224 443
225 443
226 444
227 444
228 445
229 445
210 435
211 434
212 434
212 434
213 434
214 433
215 433
215 433
216 433
217 433
218 433
219 433
220 433
221 433
222 433
222 433
223 433
224 434
225 434
226 435
227 435
228 435
229 436
230 436
231 437
232 437
233 438
234 438
235 438
236 439
237 439
238 440
239 440
239 440
240 441
241 441
242 442
243 442
244 443
245 443
246 444
247 444
249 444
249 444
250 444
251 444
252 444
253 444
254 443
255 443
256 443
257 443
258 443
259 443
259 443
260 442
261 442
262 441
263 440
264 440
265 439
266 439
267 438
244 441
245 441
246 441
247 442
248 442
249 442
250 442
251 442
252 442
253 443
254 443
255 443
256 443
244 443
245 443
246 443
247 443
248 443
249 443
250 443
251 443
252 443
253 443
254 443
254 443
255 443
256 443
257 443
258 443
259 442
260 442
261 442
262 442
263 442
268 437
267 438
266 439
265 440
264 441
263 442
272 427
272 428
271 429
271 430
270 431
270 432
270 433
269 434
269 435
268 436
268 437
276 423
275 424
274 425
273 426
272 427
276 423
277 422
278 421
279 420
280 419
281 418
282 417
283 417
284 416
285 415
286 414
287 413
288 412
298 401
297 402
296 403
295 404
294 405
293 406
293 407
292 408
291 409
290 410
289 411
288 412
303 388
303 389
302 390
302 391
301 392
301 393
301 394
300 395
300 396
300 397
299 398
299 399
298 400
298 401
308 374
308 375
307 376
307 377
307 378
306 379
306 380
305 381
305 382
305 383
304 384
304 385
304 386
303 387
303 388
199 454
199 455
202 448
201 449
201 450
200 451
200 452
199 453
199 454
204 442
204 443
203 444
203 445
203 446
202 447
202 448
204 439
204 440
204 441
204 442
204 438
204 439
204 435
204 436
204 437
204 438
203 433
204 434
204 435
308 374
309 373
310 372
311 372
312 371
313 359
313 360
313 361
313 362
313 363
313 364
312 365
312 366
312 367
312 368
312 369
312 370
312 371
320 343
320 344
319 345
319 346
318 347
318 348
317 349
317 350
316 351
316 352
316 353
315 354
315 355
314 356
314 357
313 358
313 359
321 326
321 327
321 328
321 329
321 330
321 331
321 332
321 333
321 334
320 335
320 336
320 337
320 338
320 339
320 340
320 341
320 342
320 343
321 315
321 316
321 317
321 318
321 319
321 320
321 321
321 322
321 323
321 324
321 325
321 326
314 301
315 302
315 303
316 304
316 305
317 306
317 307
318 308
318 309
319 310
319 311
320 312
320 313
321 314
321 315
313 292
313 293
313 294
313 295
313 296
314 297
314 298
314 299
314 300
314 301
313 292
314 292
315 292
316 292
317 292
318 293
319 293
320 293
321 293
322 293
323 293
324 293
325 293
326 293
327 294
328 294
329 294
330 294
331 294
331 294
332 295
333 295
333 295
333 296
333 297
333 298
333 299
333 300
333 301
333 302
333 303
332 304
332 305
332 306
332 307
332 308
332 309
332 310
332 311
332 312
332 312
332 313
332 314
331 315
331 316
331 317
331 318
331 319
331 320
330 321
330 322
330 323
330 324
330 324
330 325
331 326
331 327
331 328
331 329
332 330
332 331
332 332
332 333
333 334
333 335
333 336
333 336
333 337
333 338
334 339
334 340
334 341
334 342
335 343
335 344
335 345
335 346
336 347
336 348
336 349
336 350
337 351
337 352
337 353
337 354
338 355
338 356
338 357
338 358
339 359
339 360
339 361
339 361
339 362
340 363
340 364
341 365
341 366
341 367
342 368
342 369
342 370
343 371
343 372
344 373
344 374
344 375
345 376
345 377
345 377
345 378
346 379
346 380
346 381
347 382
347 383
347 384
347 385
348 386
348 387
348 388
349 389
349 390
349 391
350 392
350 393
350 394
350 395
351 396
351 397
351 398
352 399
352 400
339 343
339 344
338 345
338 346
337 347
337 348
339 334
339 335
339 336
339 337
339 338
339 339
339 340
339 341
339 342
339 343
345 318
345 319
344 320
344 321
343 322
343 323
343 324
342 325
342 326
342 327
341 328
341 329
340 330
340 331
340 332
339 333
339 334
346 310
346 311
346 312
346 313
345 314
345 315
345 316
345 317
345 318
343 304
344 305
344 306
345 307
345 308
346 309
346 310
340 305
341 305
342 304
343 304
336 305
337 305
338 305
339 305
340 305
334 305
335 305
336 305
332 313
333 313
334 313
335 313
336 313
337 313
338 313
339 313
340 313
341 313
342 313
343 313
344 313
345 313
346 313
347 313
333 304
334 304
335 304
336 305
337 305
338 305
316 302
317 302
318 302
319 302
320 302
321 302
322 302
323 302
324 302
325 302
326 303
327 303
328 303
329 303
330 303
331 303
332 303
333 303
334 303
335 303
301 393
301 394
300 395
300 396
299 397
299 398
298 399
298 400
298 401
297 402
297 403
296 404
296 405
295 406
295 407
295 408
294 409
294 410
293 411
293 412
292 413
292 414
292 415
291 416
291 417
290 418
290 419
289 420
289 421
289 422
288 423
288 424
287 425
287 426
286 427
286 428
286 429
285 430
285 431
284 432
284 433
283 434
283 435
348 379
349 379
350 379
351 378
352 378
353 378
354 378
355 377
356 377
357 377
358 377
359 376
360 376
361 376
346 380
347 380
348 380
349 379
350 379
351 379
352 379
352 379
353 379
354 378
355 378
356 378
357 377
358 377
359 377
360 376
361 376
361 376
362 376
363 375
364 375
365 374
366 374
366 374
367 374
368 374
369 374
370 374
371 374
372 374
373 374
374 374
375 374
376 374
377 374
378 374
378 374
379 374
380 374
381 374
382 374
383 374
384 374
385 374
386 374
387 374
387 374
388 374
389 374
390 374
391 374
392 374
393 374
394 374
395 374
396 374
397 374
398 374
399 374
400 374
401 374
402 374
403 374
404 374
405 374
406 374
406 374
407 374
408 374
409 374
410 374
411 374
412 374
413 374
414 374
415 374
416 374
417 374
418 374
419 374
420 374
421 374
422 374
423 374
424 374
425 374
425 374
426 374
427 375
428 375
429 375
430 376
431 376
432 376
433 377
434 377
435 377
436 378
437 378
437 378
438 379
439 380
440 381
441 382
442 383
443 384
444 385
445 386
446 387
447 388
448 389
448 389
449 390
450 390
451 391
452 392
453 392
454 393
455 394
456 394
457 395
458 396
459 397
460 397
461 398
462 399
463 399
464 400
465 401
466 401
467 402
467 402
468 402
469 403
470 403
471 403
472 403
473 404
474 404
475 404
476 404
477 405
478 405
478 405
479 404
480 404
481 403
482 403
483 402
484 402
485 401
486 401
487 400
488 400
489 399
490 399
491 398
492 398
493 397
494 397
495 396
496 396
497 395
498 395
499 394
507 384
506 385
505 386
505 387
504 388
503 389
502 390
501 391
501 392
500 393
499 394
512 369
512 370
511 371
511 372
511 373
510 374
510 375
510 376
509 377
509 378
509 379
508 380
508 381
508 382
507 383
507 384
518 350
518 351
517 352
517 353
517 354
516 355
516 356
516 357
515 358
515 359
515 360
515 361
514 362
514 363
514 364
513 365
513 366
513 367
512 368
512 369
521 342
521 343
520 344
520 345
519 346
519 347
519 348
518 349
518 350
520 336
520 337
520 338
521 339
521 340
521 341
521 342
513 321
513 322
514 323
514 324
515 325
515 326
516 327
516 328
517 329
517 330
518 331
518 332
519 333
519 334
520 335
520 336
512 313
512 314
512 315
512 316
513 317
513 318
513 319
513 320
513 321
512 313
513 313
514 313
515 314
516 314
517 314
518 314
519 314
520 315
521 315
522 315
522 315
523 316
523 317
524 318
525 319
525 320
526 321
526 322
527 323
527 323
527 324
527 325
528 326
528 327
528 328
528 329
528 330
528 331
529 332
529 333
529 334
529 335
529 336
529 337
530 338
530 339
530 340
530 340
531 341
531 342
532 343
532 344
533 345
533 346
534 347
534 348
534 348
535 349
535 350
536 351
536 352
537 353
537 354
538 355
538 356
539 357
539 358
540 359
540 360
541 361
541 362
542 363
542 364
542 364
542 365
542 366
543 367
543 368
543 369
543 370
543 371
544 372
544 373
544 374
544 375
544 376
545 377
545 378
545 379
545 379
545 380
546 381
546 382
546 383
547 384
547 385
547 386
548 387
548 388
548 389
549 390
549 391
549 392
550 393
550 394
550 395
550 396
551 397
551 398
551 399
552 400
552 401
552 402
553 403
553 404
553 405
554 406
554 407
554 407
554 408
554 409
554 410
554 411
554 412
555 413
555 414
555 415
555 416
555 417
555 418
555 419
555 420
555 421
555 422
555 423
555 424
556 425
556 426
556 427
556 428
556 429
556 430
556 430
556 431
556 432
556 433
555 434
555 435
555 436
555 437
555 438
555 438
554 439
554 440
553 441
553 442
552 443
552 444
551 445
551 446
550 447
550 448
549 449
549 450
548 451
548 451
547 452
547 453
546 454
545 455
544 456
544 457
543 458
542 459
541 460
541 461
540 462
539 463
538 464
538 465
537 466
536 467
535 468
535 469
534 470
533 471
532 472
532 473
531 474
530 475
529 476
529 477
528 478
505 478
506 478
507 478
508 478
509 478
510 478
511 478
512 478
513 478
514 478
515 478
516 478
517 478
518 478
519 478
520 478
521 478
522 478
523 478
524 478
525 478
526 478
527 478
528 478
494 477
495 477
496 477
497 477
498 477
499 477
500 478
501 478
502 478
503 478
504 478
505 478
483 468
484 469
485 470
486 470
487 471
488 472
489 473
490 474
491 475
492 475
493 476
494 477
471 458
472 459
473 460
474 461
475 461
476 462
477 463
478 464
479 465
480 466
481 466
482 467
483 468
451 450
452 450
453 451
454 451
455 452
456 452
457 452
458 453
459 453
460 454
461 454
462 454
463 455
464 455
465 456
466 456
467 456
468 457
469 457
470 458
471 458
434 445
435 445
436 446
437 446
438 446
439 446
440 447
441 447
442 447
443 448
444 448
445 448
446 449
447 449
448 449
449 449
450 450
451 450
416 444
417 444
418 444
419 444
420 444
421 444
422 444
423 444
424 444
425 445
426 445
427 445
428 445
429 445
430 445
431 445
432 445
433 445
434 445
393 445
394 445
395 445
396 445
397 445
398 445
399 445
400 445
401 445
402 445
403 445
404 445
405 444
406 444
407 444
408 444
409 444
410 444
411 444
412 444
413 444
414 444
415 444
416 444
368 450
369 450
370 450
371 449
372 449
373 449
374 449
375 449
376 448
377 448
378 448
379 448
380 448
381 447
382 447
383 447
384 447
385 447
386 446
387 446
388 446
389 446
390 446
391 445
392 445
393 445
347 457
348 457
349 456
350 456
351 456
352 455
353 455
354 455
355 454
356 454
357 454
358 453
359 453
360 453
361 452
362 452
363 452
364 451
365 451
366 451
367 450
368 450
324 467
325 467
326 466
327 466
328 465
329 465
330 464
331 464
332 464
333 463
334 463
335 462
336 462
337 461
338 461
339 460
340 460
341 460
342 459
343 459
344 458
345 458
346 457
347 457
310 469
311 469
312 469
313 469
314 468
315 468
316 468
317 468
318 468
319 468
320 468
321 467
322 467
323 467
324 467
277 492
277 492
278 492
279 492
280 492
281 492
282 492
283 492
284 492
285 492
286 492
287 493
288 493
289 493
290 493
291 493
292 493
293 493
294 493
295 493
296 493
296 493
297 493
298 493
299 493
300 493
301 493
302 493
303 493
304 493
304 493
305 493
306 492
307 492
308 492
309 491
310 491
311 491
312 490
313 490
314 489
315 489
316 489
317 488
318 488
319 488
320 487
321 487
322 487
323 486
324 486
325 486
326 485
327 485
328 485
329 484
330 484
331 484
332 483
333 483
334 482
335 482
336 482
337 481
338 481
339 481
340 480
341 480
341 480
342 480
343 480
344 480
345 479
346 479
347 479
348 479
349 479
349 479
350 478
351 478
352 477
353 477
354 476
355 476
356 475
357 474
358 474
359 473
360 473
361 472
362 472
363 471
363 471
364 471
365 470
366 470
367 469
368 469
369 469
370 468
371 468
372 467
373 467
374 466
375 466
376 466
377 465
378 465
379 464
380 464
380 464
381 464
382 463
383 463
384 462
385 462
386 461
387 461
388 460
389 460
396 451
395 452
394 453
394 454
393 455
392 456
391 457
391 458
390 459
389 460
396 448
396 449
396 450
396 451
396 447
396 448
396 445
396 446
396 447
307 467
308 467
309 467
310 467
311 467
312 467
313 467
314 467
315 467
316 467
317 467
318 467
531 476
532 476
533 476
534 476
535 477
536 477
537 477
538 477
539 477
540 477
541 477
542 478
543 478
544 478
545 478
546 478
547 478
548 478
549 478
550 479
551 479
552 479
553 479
554 479
555 479
556 479
557 480
558 480
559 480
560 480
560 480
561 479
562 478
563 478
564 477
565 476
566 475
567 474
568 474
569 473
570 472
571 471
572 470
573 470
574 469
575 468
582 432
582 433
582 434
581 435
581 436
581 437
581 438
581 439
580 440
580 441
580 442
580 443
580 444
579 445
579 446
579 447
579 448
579 449
578 450
578 451
578 452
578 453
578 454
578 455
577 456
577 457
577 458
577 459
577 460
576 461
576 462
576 463
576 464
576 465
575 466
575 467
575 468
581 400
581 401
581 402
581 403
581 404
581 405
581 406
581 407
581 408
581 409
581 410
581 411
581 412
581 413
581 414
581 415
582 416
582 417
582 418
582 419
582 420
582 421
582 422
582 423
582 424
582 425
582 426
582 427
582 428
582 429
582 430
582 431
582 432
547 370
548 371
549 372
550 373
551 374
552 374
553 375
554 376
555 377
556 378
557 379
558 380
559 381
560 381
561 382
562 383
563 384
564 385
565 386
566 387
567 388
568 389
569 389
570 390
571 391
572 392
573 393
574 394
575 395
576 396
577 396
578 397
579 398
580 399
581 400
543 366
544 367
545 368
546 369
547 370
530 477
531 477
532 477
533 477
534 477
535 476
536 476
537 476
538 476
539 476
501 302
502 303
503 304
504 305
505 306
506 307
507 308
508 308
509 309
510 310
511 311
512 312
513 313
501 302
502 303
503 303
504 304
505 304
506 305
507 305
508 306
509 307
510 307
511 308
512 308
513 309
514 309
515 310
516 310
517 311
518 312
519 312
520 313
521 313
522 314
523 314
524 315
527 308
527 309
526 310
526 311
525 312
525 313
524 314
524 315
503 302
504 302
505 303
506 303
507 303
508 303
509 304
510 304
511 304
512 304
513 305
514 305
515 305
516 305
517 306
518 306
519 306
520 306
521 307
522 307
523 307
524 307
525 308
526 308
527 308
501 302
502 302
503 302
504 302
505 303
506 303
507 303
508 303
509 303
510 303
511 303
512 303
513 304
514 304
515 304
516 304
494 371
494 372
493 373
493 374
492 375
492 376
491 377
491 378
490 379
490 380
489 381
489 382
488 383
488 384
487 385
487 386
486 387
486 388
486 389
485 390
485 391
484 392
484 393
483 394
483 395
482 396
482 397
481 398
481 399
480 400
480 401
479 402
479 403
500 344
500 345
500 346
499 347
499 348
499 349
499 350
498 351
498 352
498 353
498 354
498 355
497 356
497 357
497 358
497 359
496 360
496 361
496 362
496 363
496 364
495 365
495 366
495 367
495 368
494 369
494 370
494 371
499 332
499 333
499 334
499 335
499 336
499 337
500 338
500 339
500 340
500 341
500 342
500 343
500 344
485 309
486 310
486 311
487 312
487 313
488 314
489 315
489 316
490 317
490 318
491 319
492 320
492 321
493 322
494 323
494 324
495 325
495 326
496 327
497 328
497 329
498 330
498 331
499 332
481 297
481 298
482 299
482 300
482 301
483 302
483 303
483 304
484 305
484 306
484 307
485 308
485 309
513 348
513 349
513 350
513 351
514 352
514 353
514 354
514 355
514 356
514 357
515 358
515 359
515 360
515 361
510 343
511 344
511 345
512 346
512 347
513 348
504 327
504 328
505 329
505 330
506 331
506 332
506 333
507 334
507 335
507 336
508 337
508 338
509 339
509 340
509 341
510 342
510 343
499 314
499 315
500 316
500 317
501 318
501 319
501 320
502 321
502 322
502 323
503 324
503 325
504 326
504 327
497 308
497 309
498 310
498 311
498 312
499 313
499 314
493 302
494 303
494 304
495 305
496 306
496 307
497 308
483 297
484 298
485 298
486 299
487 299
488 300
489 300
490 301
491 301
492 302
493 302
482 295
483 296
484 296
485 297
486 298
487 299
488 299
489 300
481 295
482 296
483 296
484 297
485 298
486 298
487 299
488 299
489 300
482 296
482 297
483 298
483 299
483 300
483 301
484 302
484 303
484 304
487 310
488 310
489 311
490 311
491 311
492 312
493 312
494 312
495 313
496 313
497 313
498 314
499 314
