391 529
392 529
393 529
394 529
395 529
396 529
397 529
398 529
399 529
400 529
401 529
402 529
403 529
404 529
405 530
406 530
407 530
408 530
409 530
410 530
411 530
412 530
413 530
414 530
415 530
416 530
417 530
418 530
419 530
420 530
421 530
422 530
423 530
424 530
425 530
426 530
427 530
428 530
429 530
430 530
431 530
432 530
433 531
434 531
435 531
436 531
437 531
438 531
439 531
440 531
441 531
442 531
443 531
444 531
445 531
446 531
447 531
448 531
449 531
450 531
451 531
452 531
453 531
454 531
455 531
456 531
457 531
458 531
459 531
460 532
461 532
462 532
463 532
464 532
465 532
466 532
467 532
468 532
469 532
470 532
471 532
472 532
473 532
474 532
475 532
476 532
477 532
478 532
479 532
480 532
481 532
482 532
483 532
484 532
485 532
486 532
487 532
488 533
489 533
490 533
491 533
492 533
493 533
494 533
495 533
496 533
497 533
498 533
499 533
500 533
501 533
502 533
503 533
504 533
505 533
506 533
507 533
508 533
509 533
510 533
511 533
512 533
513 533
514 533
515 533
516 534
517 534
518 534
519 534
520 534
521 534
522 534
523 534
524 534
525 534
526 534
527 534
528 534
529 534
530 534
531 534
532 534
533 534
534 534
535 534
536 534
537 534
538 534
539 534
540 534
541 534
542 534
543 535
544 535
545 535
546 535
547 535
548 535
549 535
550 535
551 535
552 535
553 535
554 535
555 535
556 535
557 535
558 535
559 535
560 535
561 535
562 535
563 535
564 535
565 535
566 535
567 535
568 535
569 535
570 535
571 536
572 536
573 536
574 536
575 536
576 536
577 536
578 536
579 536
580 536
581 536
582 536
583 536
584 536
585 536
586 536
587 536
588 536
589 536
590 536
591 536
592 536
593 536
594 536
595 536
596 536
597 536
598 537
599 537
600 537
601 537
602 537
603 537
604 537
605 537
606 537
607 537
608 537
609 537
610 537
611 537
612 537
613 537
614 537
615 537
616 537
617 537
618 537
619 537
620 537
621 537
622 537
623 537
624 537
625 537
626 538
627 538
628 538
629 538
630 538
631 538
632 538
633 538
634 538
635 538
636 538
637 538
638 538
639 538
640 538
641 538
642 538
643 538
644 538
645 538
646 538
647 538
648 538
649 538
650 538
651 538
652 538
653 538
654 539
655 539
656 539
657 539
658 539
659 539
660 539
661 539
662 539
663 539
664 539
665 539
666 539
667 539
667 539
668 539
670 537
669 538
668 539
670 537
671 537
673 533
672 534
672 535
671 536
671 537
674 530
674 531
673 532
673 533
675 520
675 521
675 522
675 523
675 524
674 525
674 526
674 527
674 528
674 529
674 530
675 516
675 517
675 518
675 519
675 520
674 513
674 514
675 515
675 516
672 512
673 513
674 513
668 511
669 511
670 512
671 512
672 512
663 510
664 510
665 510
666 511
667 511
668 511
658 512
659 512
660 511
661 511
662 510
663 510
645 509
646 509
647 509
648 510
649 510
650 510
651 510
652 511
653 511
654 511
655 511
656 512
657 512
658 512
644 508
645 509
643 507
644 508
645 499
645 500
644 501
644 502
644 503
644 504
643 505
643 506
643 507
645 489
645 490
645 491
645 492
645 493
645 494
645 495
645 496
645 497
645 498
645 499
643 471
643 472
643 473
643 474
643 475
644 476
644 477
644 478
644 479
644 480
644 481
644 482
644 483
644 484
645 485
645 486
645 487
645 488
645 489
643 460
643 461
643 462
643 463
643 464
643 465
643 466
643 467
643 468
643 469
643 470
643 471
644 453
644 454
644 455
644 456
643 457
643 458
643 459
643 460
644 444
644 445
644 446
644 447
644 448
644 449
644 450
644 451
644 452
644 453
646 422
646 423
646 424
646 425
646 426
646 427
645 428
645 429
645 430
645 431
645 432
645 433
645 434
645 435
645 436
645 437
645 438
644 439
644 440
644 441
644 442
644 443
644 444
649 405
649 406
649 407
648 408
648 409
648 410
648 411
648 412
648 413
647 414
647 415
647 416
647 417
647 418
647 419
646 420
646 421
646 422
650 396
650 397
650 398
650 399
650 400
649 401
649 402
649 403
649 404
649 405
650 382
650 383
650 384
650 385
650 386
650 387
650 388
650 389
650 390
650 391
650 392
650 393
650 394
650 395
650 396
650 366
650 367
650 368
650 369
650 370
650 371
650 372
650 373
650 374
650 375
650 376
650 377
650 378
650 379
650 380
650 381
650 382
649 360
649 361
649 362
650 363
650 364
650 365
650 366
643 358
644 358
645 359
646 359
647 359
648 360
649 360
638 355
639 356
640 356
641 357
642 357
643 358
635 356
636 356
637 355
638 355
627 357
628 357
629 357
630 357
631 356
632 356
633 356
634 356
635 356
622 360
623 359
624 359
625 358
626 358
627 357
622 360
621 361
620 362
620 363
619 364
618 365
618 365
618 366
618 367
618 368
618 369
618 370
617 371
617 372
617 373
617 374
617 375
617 376
617 377
617 378
617 379
617 380
617 381
616 382
616 383
616 384
616 385
616 386
616 387
616 387
616 388
616 389
616 390
616 391
616 392
616 393
615 394
615 395
615 396
615 397
615 398
615 399
615 400
615 401
615 402
615 403
615 404
615 405
614 406
614 407
614 408
614 409
614 410
614 411
614 412
614 412
614 413
614 414
613 415
613 416
613 417
613 418
613 419
613 420
612 421
612 422
612 423
612 423
612 422
612 423
612 422
611 423
611 424
602 426
603 426
604 426
605 425
606 425
607 425
608 425
609 424
610 424
611 424
591 424
592 424
593 424
594 425
595 425
596 425
597 425
598 425
599 425
600 426
601 426
602 426
584 417
585 418
586 419
587 420
588 421
589 422
590 423
591 424
581 408
581 409
582 410
582 411
582 412
583 413
583 414
583 415
584 416
584 417
577 398
577 399
578 400
578 401
579 402
579 403
579 404
580 405
580 406
581 407
581 408
565 380
566 381
566 382
567 383
568 384
568 385
569 386
570 387
570 388
571 389
572 390
572 391
573 392
574 393
574 394
575 395
576 396
576 397
577 398
530 361
531 362
532 362
533 363
534 363
535 364
536 364
537 365
538 365
539 366
540 366
541 367
542 368
543 368
544 369
545 369
546 370
547 370
548 371
549 371
550 372
551 372
552 373
553 373
554 374
555 375
556 375
557 376
558 376
559 377
560 377
561 378
562 378
563 379
564 379
565 380
516 367
517 367
518 366
519 366
520 365
521 365
522 364
523 364
524 364
525 363
526 363
527 362
528 362
529 361
530 361
488 381
489 380
490 380
491 379
492 379
493 378
494 378
495 377
496 377
497 376
498 376
499 375
500 375
501 374
502 374
503 373
504 373
505 372
506 372
507 371
508 371
509 370
510 370
511 369
512 369
513 368
514 368
515 367
516 367
488 381
488 382
487 383
487 384
486 385
486 386
485 387
485 388
484 389
484 390
483 391
483 392
483 393
482 394
482 395
481 396
481 397
480 398
480 399
479 400
479 401
479 402
478 403
478 404
477 405
477 406
476 407
476 408
475 409
475 410
474 411
474 412
474 412
474 413
474 414
474 415
474 416
474 417
474 418
474 419
473 420
473 421
473 422
473 423
473 424
473 425
473 426
473 427
473 428
473 429
473 430
473 431
473 432
473 433
473 434
473 435
472 436
472 437
472 438
472 439
472 440
472 441
472 442
472 443
472 444
472 444
472 445
473 446
473 447
473 448
474 449
474 450
474 451
475 452
475 453
475 454
476 455
476 456
476 456
477 457
477 458
478 459
478 460
479 461
480 462
480 463
481 464
482 465
482 466
483 467
483 468
484 469
484 469
485 469
485 469
486 469
487 469
488 468
489 468
490 468
491 466
490 467
490 468
494 455
494 456
493 457
493 458
493 459
493 460
492 461
492 462
492 463
492 464
491 465
491 466
494 443
494 444
494 445
494 446
494 447
494 448
494 449
494 450
494 451
494 452
494 453
494 454
494 455
493 429
493 430
493 431
493 432
493 433
493 434
493 435
494 436
494 437
494 438
494 439
494 440
494 441
494 442
494 443
497 414
497 415
496 416
496 417
496 418
496 419
495 420
495 421
495 422
495 423
494 424
494 425
494 426
494 427
493 428
493 429
502 407
501 408
501 409
500 410
499 411
498 412
498 413
497 414
502 407
503 406
504 405
505 405
506 404
507 403
507 403
508 402
509 402
510 401
511 401
512 400
513 400
514 399
514 399
515 399
516 399
517 399
518 399
519 399
520 399
521 398
522 398
523 398
524 398
525 398
526 398
527 398
528 398
528 398
529 398
530 398
531 398
532 398
533 398
534 398
535 398
536 398
537 398
538 398
538 398
539 399
540 400
541 401
541 401
542 402
543 403
544 404
545 405
546 405
547 406
548 407
549 408
549 408
550 409
551 410
551 411
552 412
553 413
554 414
555 415
555 416
556 417
557 418
557 418
557 419
558 420
558 421
558 422
558 423
559 424
559 425
559 426
560 427
560 428
560 429
560 430
561 431
561 432
561 432
561 433
561 434
561 435
562 436
562 437
562 438
562 439
562 440
562 440
562 441
562 442
561 443
561 444
561 445
561 445
561 446
561 447
561 448
561 449
561 450
561 451
561 452
561 453
562 454
562 455
562 456
562 457
562 458
562 459
562 460
562 461
562 462
533 470
534 470
535 469
536 469
537 469
538 469
539 468
540 468
541 468
542 468
543 467
544 467
545 467
546 466
547 466
548 466
549 466
550 465
551 465
552 465
553 464
554 464
555 464
556 464
557 463
558 463
559 463
560 463
561 462
562 462
533 470
528 460
529 461
529 462
530 463
530 464
531 465
531 466
532 467
532 468
533 469
533 470
523 460
524 460
525 460
526 460
527 460
528 460
519 463
520 462
521 461
522 461
523 460
519 463
519 464
519 465
519 466
519 467
519 468
519 469
519 470
519 471
519 472
519 473
519 474
519 474
520 475
521 476
522 476
523 477
523 477
524 478
525 479
526 479
527 480
528 481
529 482
530 482
531 483
531 483
532 483
533 484
534 484
535 485
536 485
537 486
538 486
539 487
540 487
540 487
541 487
542 487
543 486
544 486
545 486
546 486
547 486
548 486
549 485
550 485
551 485
552 485
552 485
553 484
554 484
555 483
555 483
556 482
557 482
558 481
559 481
560 480
561 479
562 479
563 478
564 477
565 477
566 476
567 476
568 475
575 464
574 465
574 466
573 467
572 468
572 469
571 470
571 471
570 472
569 473
569 474
568 475
576 456
576 457
576 458
576 459
575 460
575 461
575 462
575 463
575 464
580 449
579 450
579 451
578 452
578 453
577 454
577 455
576 456
586 443
585 444
584 445
583 446
582 447
581 448
580 449
586 443
587 443
588 443
589 443
590 442
591 442
592 442
593 442
593 442
594 443
595 443
595 443
595 444
595 445
595 446
595 447
595 447
596 447
596 447
596 448
597 449
597 450
597 451
597 451
597 452
598 453
598 454
598 455
598 456
599 457
599 458
599 459
599 459
599 460
599 461
599 462
600 463
600 464
600 465
600 466
600 467
600 468
600 469
601 470
601 471
601 472
601 473
601 473
601 474
601 475
601 476
601 477
601 478
601 479
601 480
601 481
601 481
601 482
601 483
600 484
600 485
600 486
600 487
600 488
600 489
599 490
599 491
599 492
599 492
599 493
598 494
598 495
598 496
597 497
597 498
597 499
597 500
596 501
596 502
596 503
595 504
595 505
595 505
586 507
587 507
588 507
589 506
590 506
591 506
592 506
593 505
594 505
595 505
556 507
557 507
558 507
559 507
560 507
561 507
562 507
563 507
564 507
565 507
566 507
567 507
568 507
569 507
570 507
571 507
572 507
573 507
574 507
575 507
576 507
577 507
578 507
579 507
580 507
581 507
582 507
583 507
584 507
585 507
586 507
547 507
548 507
549 507
550 507
551 507
552 507
553 507
554 507
555 507
556 507
526 507
527 507
528 507
529 507
530 507
531 507
532 507
533 507
534 507
535 507
536 507
537 507
538 507
539 507
540 507
541 507
542 507
543 507
544 507
545 507
546 507
547 507
502 506
503 506
504 506
505 506
506 506
507 506
508 506
509 506
510 506
511 506
512 506
513 506
514 507
515 507
516 507
517 507
518 507
519 507
520 507
521 507
522 507
523 507
524 507
525 507
526 507
469 510
470 510
471 510
472 510
473 510
474 509
475 509
476 509
477 509
478 509
479 509
480 509
481 509
482 508
483 508
484 508
485 508
486 508
487 508
488 508
489 508
490 507
491 507
492 507
493 507
494 507
495 507
496 507
497 507
498 506
499 506
500 506
501 506
502 506
469 510
435 509
436 509
437 509
438 509
439 509
440 509
441 509
442 509
443 509
444 509
445 509
446 509
447 509
448 509
449 509
450 509
451 509
452 510
453 510
454 510
455 510
456 510
457 510
458 510
459 510
460 510
461 510
462 510
463 510
464 510
465 510
466 510
467 510
468 510
469 510
410 506
411 506
412 506
413 506
414 506
415 507
416 507
417 507
418 507
419 507
420 507
421 507
422 507
423 508
424 508
425 508
426 508
427 508
428 508
429 508
430 508
431 509
432 509
433 509
434 509
435 509
395 504
396 504
397 504
398 504
399 505
400 505
401 505
402 505
403 505
404 505
405 505
406 505
407 506
408 506
409 506
410 506
366 507
367 507
368 507
369 507
370 507
371 506
372 506
373 506
374 506
375 506
376 506
377 506
378 506
379 506
380 506
381 505
382 505
383 505
384 505
385 505
386 505
387 505
388 505
389 505
390 505
391 504
392 504
393 504
394 504
395 504
363 509
364 508
365 508
366 507
363 509
363 510
364 511
364 512
364 513
364 514
365 515
365 516
365 517
365 518
366 519
366 520
366 521
366 522
367 523
367 524
367 525
367 525
368 526
368 527
369 528
369 529
370 530
370 531
371 532
371 533
371 533
372 533
373 533
374 533
375 533
376 533
377 533
378 533
379 533
380 533
381 533
382 533
382 533
383 533
384 532
385 532
385 532
386 532
387 532
388 532
389 532
390 531
391 531
392 531
393 531
394 531
395 531
395 531
396 530
397 530
398 529
399 529
400 528
401 528
401 528
